group  epoch  batch      x      z accrate     qb mass       rate    u_rate            dt        u_dt       fluence     u_fluence          peak        u_peak  redshift       d_b  xi_ratio  rate_obs  u_rate_obs      peak_obs    u_peak_obs   fluence_obs  u_fluence_obs      fper_obs    u_fper_obs
    1      1      7 0.7190 0.0032  0.0987 0.0590 2.14   4.704826  0.107320  18364.121785  418.896755  8.984604e+39  2.142759e+38  3.139275e+38  9.588563e+36  1.380747  4.211930  0.894801  3.407450    0.077726  1.071130e-07  3.271645e-09  4.232780e-06   1.009485e-07  1.028541e-08  3.085622e-10
    1      2      8 0.7190 0.0032  0.1376 0.0231 2.14   6.297534  0.130241  13719.656748  283.739402  9.469614e+39  1.973858e+38  3.136946e+38  9.916757e+36  1.380747  4.211930  0.894801  4.560962    0.094326  1.070335e-07  3.383626e-09  4.461275e-06   9.299137e-08  1.433913e-08  4.301738e-10
    1      3      9 0.7190 0.0032  0.1567 0.1330 2.14   9.250514  0.127692   9340.021083  128.927476  7.448622e+39  1.151615e+38  2.270126e+38  4.420424e+36  1.380747  4.211930  0.894801  6.699644    0.092480  7.745735e-08  1.508261e-09  3.509156e-06   5.425429e-08  1.632951e-08  4.898854e-10
    2      1      7 0.6971 0.0061  0.1020 0.1551 2.02   6.448634  0.147738  13398.186870  306.951474  6.583402e+39  1.511279e+38  2.672004e+38  1.509966e+37  1.290210  5.911194  3.597419  4.998127    0.114507  4.953536e-08  2.799274e-09  1.574668e-06   3.614792e-08  1.171750e-09  3.515251e-11
    2      2      8 0.6971 0.0061  0.1371 0.1549 2.02   8.789197  0.236669   9830.249452  264.702030  6.607298e+39  1.682075e+38  2.509136e+38  1.334716e+37  1.290210  5.911194  3.597419  6.812222    0.183434  4.651601e-08  2.474384e-09  1.580384e-06   4.023314e-08  1.574970e-09  4.724910e-11
    2      3      9 0.6971 0.0061  0.1497 0.1774 2.02  10.161442  0.129337   8502.729860  108.224261  6.330543e+39  1.192889e+38  2.189887e+38  8.072572e+36  1.290210  5.911194  3.597419  7.875805    0.100245  4.059756e-08  1.496546e-09  1.514187e-06   2.853242e-08  1.719716e-09  5.159147e-11
    3      1      7 0.6867 0.0058  0.0930 0.0384 1.65   5.351620  0.223352  16144.644947  673.804278  7.106762e+39  2.289638e+38  2.617616e+38  2.504817e+37  1.281920  6.296947  4.104704  4.174691    0.174232  4.304017e-08  4.118547e-09  1.497962e-06   4.826094e-08  8.119510e-10  2.435853e-11
    3      2      8 0.6867 0.0058  0.1281 0.0435 1.65   7.543410  0.178195  11453.706548  270.566676  7.092829e+39  1.470650e+38  2.412920e+38  1.650983e+37  1.281920  6.296947  4.104704  5.884462    0.139006  3.967445e-08  2.714630e-09  1.495025e-06   3.099833e-08  1.118397e-09  3.355191e-11
    3      3      9 0.6867 0.0058  0.1569 0.1515 1.65  10.655454  0.103583   8108.523911   78.824216  6.290702e+39  1.179421e+38  1.840258e+38  1.155427e+37  1.281920  6.296947  4.104704  8.312105    0.080803  3.025846e-08  1.899812e-09  1.325953e-06   2.485981e-08  1.369840e-09  4.109520e-11
    4      1      7 0.7031 0.0054  0.1049 0.0272 2.01   5.876421  0.284916  14702.826922  712.861749  7.477141e+39  3.232072e+38  2.954924e+38  1.950322e+37  1.373047  7.711083  3.456794  4.279840    0.207506  3.024957e-08  1.996545e-09  1.050979e-06   4.542964e-08  8.364669e-10  2.509401e-11
    4      2      8 0.7031 0.0054  0.1229 0.0934 2.01   7.216214  0.183396  11973.037128  304.287318  7.217634e+39  1.908310e+38  2.690485e+38  1.246847e+37  1.373047  7.711083  3.456794  5.255621    0.133569  2.754251e-08  1.276398e-09  1.014503e-06   2.682299e-08  9.799979e-10  2.939994e-11
    4      3      9 0.7031 0.0054  0.1676 0.0863 2.01  10.038159  0.069399   8607.155831   59.505978  7.223752e+39  9.302366e+37  2.368299e+38  6.548751e+36  1.373047  7.711083  3.456794  7.310863    0.050544  2.424429e-08  6.703959e-10  1.015362e-06   1.307530e-08  1.336433e-09  4.009300e-11
    5      1      7 0.6877 0.0063  0.0967 0.0851 1.60   5.996607  0.177402  14408.148766  426.247426  6.615663e+39  1.799774e+38  2.294960e+38  2.253118e+37  1.359443  5.548844  4.008386  4.411076    0.130496  4.582454e-08  4.498906e-09  1.795798e-06   4.885421e-08  1.262248e-09  3.786744e-11
    5      2      8 0.6877 0.0063  0.1240 0.1333 1.60   8.082340  0.225410  10689.972838  298.134772  6.406735e+39  1.945372e+38  2.135669e+38  2.158847e+37  1.359443  5.548844  4.008386  5.945332    0.165811  4.264390e-08  4.310671e-09  1.739085e-06   5.280641e-08  1.618601e-09  4.855804e-11
    5      3      9 0.6877 0.0063  0.1502 0.0315 1.60   9.126004  0.149434   9467.451493  155.024673  6.942705e+39  1.675325e+38  2.157076e+38  1.552151e+37  1.359443  5.548844  4.008386  6.713046    0.109923  4.307135e-08  3.099253e-09  1.884572e-06   4.547609e-08  1.960596e-09  5.881789e-11
    6      1      7 0.7073 0.0041  0.0880 0.0496 1.69   4.823105  0.177590  17913.770333  659.598039  7.664526e+39  2.624641e+38  2.568193e+38  2.242219e+37  1.284634  9.527745  1.387009  3.754458    0.138242  1.840590e-08  1.606969e-09  7.056577e-07   2.416455e-08  9.984719e-10  2.995416e-11
    6      2      8 0.7073 0.0041  0.1256 0.0485 1.69   6.929228  0.132340  12468.921690  238.141560  7.748471e+39  1.660687e+38  2.375556e+38  1.662749e+37  1.284634  9.527745  1.387009  5.393932    0.103018  1.702530e-08  1.191670e-09  7.133864e-07   1.528962e-08  1.425092e-09  4.275275e-11
    6      3      9 0.7073 0.0041  0.1607 0.1015 1.69   9.865357  0.165934   8757.919475  147.306855  7.114223e+39  1.059372e+38  1.873254e+38  9.838895e+36  1.284634  9.527745  1.387009  7.679508    0.129168  1.342536e-08  7.051406e-10  6.549924e-07   9.753428e-09  1.823346e-09  5.470038e-11
    7      1      7 0.7031 0.0048  0.0898 0.0449 1.57   5.116199  0.117741  16887.535647  388.639167  7.334098e+39  1.654346e+38  2.385308e+38  2.102915e+37  1.332514  9.104553  3.112119  3.839509    0.088360  1.804864e-08  1.591189e-09  7.394665e-07   1.668008e-08  5.399506e-10  1.619852e-11
    7      2      8 0.7031 0.0048  0.1365 0.0937 1.57   8.294149  0.132738  10416.981495  166.711299  7.060352e+39  1.674686e+38  2.025489e+38  1.301619e+37  1.332514  9.104553  3.112119  6.224437    0.099615  1.532604e-08  9.848813e-10  7.118658e-07   1.688516e-08  8.207489e-10  2.462247e-11
    7      3      9 0.7031 0.0048  0.1457 0.1324 1.57   9.453971  0.126568   9139.017285  122.351083  6.685173e+39  8.996696e+37  1.728587e+38  9.976701e+36  1.332514  9.104553  3.112119  7.094838    0.094984  1.307950e-08  7.548957e-10  6.740381e-07   9.070993e-09  8.760668e-10  2.628200e-11
    8      1      7 0.7041 0.0067  0.1063 0.1769 1.87   7.152930  0.181913  12078.966103  307.191883  6.255610e+39  1.939333e+38  2.213853e+38  2.384854e+37  1.315786  3.823395  5.060282  5.436241    0.138254  9.619538e-08  1.036256e-08  3.576518e-06   1.108774e-07  2.171037e-09  6.513112e-11
    8      2      8 0.7041 0.0067  0.1284 0.1647 1.87   8.513522  0.154758  10148.561719  184.480146  6.410753e+39  1.666034e+38  2.212048e+38  1.486463e+37  1.315786  3.823395  5.060282  6.470294    0.117616  9.611695e-08  6.458915e-09  3.665218e-06   9.525210e-08  2.622401e-09  7.867203e-11
    8      3      9 0.7041 0.0067  0.1484 0.0850 1.87   9.371850  0.121504   9219.097574  119.523633  6.776879e+39  1.286510e+38  2.215479e+38  1.118007e+37  1.315786  3.823395  5.060282  7.122625    0.092343  9.626604e-08  4.857916e-09  3.874543e-06   7.355359e-08  3.030875e-09  9.092624e-11
    9      1      7 0.7047 0.0061  0.0879 0.0583 1.87   5.134073  0.189776  16828.744167  622.057896  7.060223e+39  2.284069e+38  2.807963e+38  1.960045e+37  1.344708  2.468022  4.767031  3.817984    0.141128  2.865196e-07  1.999996e-08  9.687449e-06   3.134009e-07  4.779946e-09  1.433984e-10
    9      2      8 0.7047 0.0061  0.1328 0.1323 1.87   8.399221  0.127415  10286.668201  156.046913  6.748902e+39  1.372237e+38  2.300676e+38  1.250175e+37  1.344708  2.468022  4.767031  6.246130    0.094753  2.347570e-07  1.275657e-08  9.260280e-06   1.882869e-07  7.221579e-09  2.166474e-10
    9      3      9 0.7047 0.0061  0.1563 0.0544 1.87   9.348335  0.079766   9242.287774   78.861571  7.187386e+39  1.068942e+38  2.298382e+38  8.717139e+36  1.344708  2.468022  4.767031  6.951944    0.059318  2.345229e-07  8.894816e-09  9.861931e-06   1.466713e-07  8.499494e-09  2.549848e-10
   10      1      7 0.7192 0.0068  0.1018 0.0465 1.79   6.188125  0.129419  13962.226493  292.006854  6.949154e+39  2.074989e+38  2.361153e+38  1.858962e+37  1.277329  5.347560  4.117347  4.844582    0.101320  5.402553e-08  4.253490e-09  2.030999e-06   6.064479e-08  1.217288e-09  3.651865e-11
   10      2      8 0.7192 0.0068  0.1209 0.0441 1.79   7.146683  0.115958  12089.524334  196.156921  7.208352e+39  1.416567e+38  2.389472e+38  1.392693e+37  1.277329  5.347560  4.117347  5.595021    0.090782  5.467350e-08  3.186620e-09  2.106753e-06   4.140138e-08  1.445679e-09  4.337038e-11
   10      3      9 0.7192 0.0068  0.1633 0.0648 1.79  10.084985  0.062441   8567.192072   53.043648  7.057819e+39  7.408985e+37  2.001166e+38  6.441629e+36  1.277329  5.347560  4.117347  7.895370    0.048884  4.578867e-08  1.473909e-09  2.062758e-06   2.165392e-08  1.952684e-09  5.858051e-11