group  epoch  batch      x      z accrate     qb mass       rate    u_rate            dt        u_dt       fluence     u_fluence          peak        u_peak  redshift       d_b  xi_ratio  rate_obs  u_rate_obs      peak_obs    u_peak_obs   fluence_obs  u_fluence_obs      fper_obs    u_fper_obs
    1      1      1 0.7127 0.0027  0.1661 0.1883 1.63  11.191927  0.218457   7719.849932  150.685226  6.586042e+39  7.858022e+37  1.527623e+38  5.455559e+36  1.372377  4.462486  1.330285  8.155143    0.159182  4.671736e-08  1.668404e-09  2.764139e-06   3.297985e-08  1.026814e-08  3.080443e-10
    1      2      2 0.7127 0.0027  0.1459 0.1757 1.63   9.474170  0.221213   9119.531961  212.932448  6.796378e+39  1.241238e+38  1.630406e+38  6.553148e+36  1.372377  4.462486  1.330285  6.903477    0.161190  4.986064e-08  2.004066e-09  2.852416e-06   5.209433e-08  9.019398e-09  2.705819e-10
    1      3      3 0.7127 0.0027  0.1784 0.1654 1.63  11.787106  0.238128   7330.043826  148.084292  6.713280e+39  1.073977e+38  1.546760e+38  5.589407e+36  1.372377  4.462486  1.330285  8.588827    0.173515  4.730260e-08  1.709338e-09  2.817540e-06   4.507444e-08  1.102852e-08  3.308555e-10
    2      1      1 0.7292 0.0042  0.1586 0.0162 1.19   9.169560  0.085369   9422.480621   87.723677  7.656761e+39  6.795357e+37  1.329312e+38  3.859723e+36  1.283344  5.550491  2.822055  7.145052    0.066521  2.810025e-08  8.159045e-10  2.077167e-06   1.843481e-08  2.599487e-09  7.798460e-11
    2      2      2 0.7292 0.0042  0.1131 0.1472 1.19   7.845482  0.251162  11012.707904  352.556638  6.330204e+39  1.203911e+38  1.137602e+38  5.435725e+36  1.283344  5.550491  2.822055  6.113312    0.195709  2.404770e-08  1.149055e-09  1.717291e-06   3.266034e-08  1.853732e-09  5.561197e-11
    2      3      3 0.7292 0.0042  0.1407 0.0403 1.19   8.485396  0.151364  10182.199853  181.631325  7.310632e+39  9.792053e+37  1.276808e+38  6.895014e+36  1.283344  5.550491  2.822055  6.611942    0.117945  2.699037e-08  1.457533e-09  1.983267e-06   2.656440e-08  2.306102e-09  6.918306e-11
    3      1      1 0.6994 0.0064  0.0825 0.1393 1.57   5.282097  0.189239  16357.141212  586.017756  6.406019e+39  1.617583e+38  2.162557e+38  2.508378e+37  1.314823  8.223557  3.362258  4.017344    0.143927  2.032684e-08  2.357736e-09  7.916949e-07   1.999108e-08  5.472936e-10  1.641881e-11
    3      2      2 0.6994 0.0064  0.1688 0.0100 1.57   9.951507  0.091306   8682.102071   79.659185  7.279992e+39  9.664305e+37  2.026650e+38  8.908877e+36  1.314823  8.223557  3.362258  7.568703    0.069444  1.904939e-08  8.373850e-10  8.997058e-07   1.194374e-08  1.119796e-09  3.359387e-11
    3      3      3 0.6994 0.0064  0.0887 0.1274 1.57   5.687859  0.165219  15190.251154  441.240603  6.432481e+39  2.142527e+38  2.207056e+38  2.160642e+37  1.314823  8.223557  3.362258  4.325949    0.125659  2.074510e-08  2.030884e-09  7.949652e-07   2.647865e-08  5.884235e-10  1.765271e-11
    4      1      1 0.6941 0.0036  0.1225 0.0037 1.41   6.589479  0.153148  13111.809732  304.736259  7.865115e+39  2.330754e+38  2.109983e+38  2.174335e+37  1.272117  4.054817  5.704661  5.179930    0.120388  8.431373e-08  8.688520e-09  3.998081e-06   1.184794e-07  1.819074e-09  5.457222e-11
    4      2      2 0.6941 0.0036  0.1362 0.1177 1.41   8.545767  0.119891  10110.268764  141.840077  6.860761e+39  1.035120e+38  1.634442e+38  1.076498e+37  1.272117  4.054817  5.704661  6.717751    0.094245  6.531138e-08  4.301625e-09  3.487537e-06   5.261835e-08  2.022513e-09  6.067540e-11
    4      3      3 0.6941 0.0036  0.1696 0.0634 1.41  10.084903  0.126218   8567.261424  107.223954  7.280833e+39  7.478955e+37  1.708762e+38  7.681095e+36  1.272117  4.054817  5.704661  7.927652    0.099219  6.828116e-08  3.069322e-09  3.701072e-06   3.801784e-08  2.518489e-09  7.555468e-11
    5      1      1 0.7033 0.0028  0.0862 0.0781 1.46   4.641289  0.151549  18615.518821  607.838872  7.849302e+39  1.566072e+38  2.194681e+38  2.109438e+37  1.271276  4.549478  1.197574  3.650889    0.119210  6.971036e-08  6.700276e-09  3.169545e-06   6.323793e-08  4.835024e-09  1.450507e-10
    5      2      2 0.7033 0.0028  0.1199 0.0184 1.46   6.213038  0.133212  13906.239501  298.159880  8.261395e+39  1.416853e+38  2.135201e+38  1.633091e+37  1.271276  4.549478  1.197574  4.887244    0.104786  6.782108e-08  5.187240e-09  3.335948e-06   5.721247e-08  6.725283e-09  2.017585e-10
    5      3      3 0.7033 0.0028  0.1501 0.1058 1.46   9.072787  0.118912   9522.983204  124.812055  7.223410e+39  6.896672e+37  1.643276e+38  9.444282e+36  1.271276  4.549478  1.197574  7.136754    0.093537  5.219591e-08  2.999818e-09  2.916810e-06   2.784874e-08  8.419224e-09  2.525767e-10
    6      1      1 0.6909 0.0040  0.1585 0.0752 1.57   9.506897  0.113143   9088.138593  108.159245  7.164472e+39  1.159451e+38  1.948675e+38  1.082015e+37  1.260881  5.034864  5.993105  7.539886    0.089733  5.095408e-08  2.829260e-09  2.362097e-06   3.822662e-08  1.418014e-09  4.254043e-11
    6      2      2 0.6909 0.0040  0.1119 0.1852 1.57   7.308371  0.181513  11822.059220  293.616753  6.504944e+39  1.837054e+38  1.887001e+38  1.964157e+37  1.260881  5.034864  5.993105  5.796243    0.143957  4.934142e-08  5.135890e-09  2.144653e-06   6.056691e-08  1.001109e-09  3.003327e-11
    6      3      3 0.6909 0.0040  0.1335 0.1749 1.57   8.916694  0.102706   9689.690054  111.609364  6.422976e+39  1.432500e+38  1.770350e+38  1.372015e+37  1.260881  5.034864  5.993105  7.071798    0.081456  4.629122e-08  3.587553e-09  2.117629e-06   4.722893e-08  1.194353e-09  3.583058e-11
    7      1      1 0.7250 0.0032  0.1198 0.1604 1.55   7.686153  0.253849  11240.994602  371.253538  6.850596e+39  1.383239e+38  1.568018e+38  8.355964e+36  1.309732  8.229259  1.973842  5.868491    0.193817  1.477529e-08  7.873748e-10  8.454655e-07   1.707123e-08  1.340384e-09  4.021152e-11
    7      2      2 0.7250 0.0032  0.1446 0.0611 1.55   8.160469  0.088747  10587.627045  115.143538  7.815298e+39  8.495710e+37  1.787494e+38  4.369289e+36  1.309732  8.229259  1.973842  6.230638    0.067760  1.684339e-08  4.117141e-10  9.645241e-07   1.048497e-08  1.617859e-09  4.853578e-11
    7      3      3 0.7250 0.0032  0.1483 0.1024 1.55   8.971886  0.190888   9630.082686  204.892192  7.313131e+39  1.049878e+38  1.640547e+38  6.247281e+36  1.309732  8.229259  1.973842  6.850167    0.145746  1.545872e-08  5.886755e-10  9.025492e-07   1.295706e-08  1.659257e-09  4.977770e-11
    8      1      1 0.7295 0.0063  0.1293 0.0316 1.52   7.839225  0.128481  11021.497556  180.636201  7.178974e+39  1.073751e+38  1.725242e+38  9.019639e+36  1.278072  4.288508  4.352891  6.133634    0.100527  6.134391e-08  3.207086e-09  3.262414e-06   4.879556e-08  2.277402e-09  6.832206e-11
    8      2      2 0.7295 0.0063  0.1108 0.1834 1.52   7.850791  0.216105  11005.260535  302.936021  6.139860e+39  1.233660e+38  1.475749e+38  8.499003e+36  1.278072  4.288508  4.352891  6.142683    0.169087  5.247276e-08  3.021965e-09  2.790199e-06   5.606246e-08  1.951556e-09  5.854667e-11
    8      3      3 0.7295 0.0063  0.1434 0.0480 1.52   8.856277  0.169173   9755.792938  186.355259  7.093827e+39  9.756610e+37  1.649524e+38  7.421023e+36  1.278072  4.288508  4.352891  6.929404    0.132366  5.865162e-08  2.638671e-09  3.223720e-06   4.433795e-08  2.525750e-09  7.577250e-11
    9      1      1 0.7033 0.0061  0.1626 0.0365 1.06  10.310323  0.091789   8379.950953   74.603526  6.835109e+39  1.058396e+38  1.186372e+38  5.314219e+36  1.260430  2.159068  3.589939  8.180006    0.072824  1.687558e-07  7.559223e-09  1.225468e-05   1.897599e-07  1.319286e-08  3.957857e-10
    9      2      2 0.7033 0.0061  0.1287 0.0892 1.06   8.642831  0.131309   9996.724892  151.878753  6.386536e+39  1.036558e+38  1.167034e+38  5.520894e+36  1.260430  2.159068  3.589939  6.857051    0.104178  1.660050e-07  7.853208e-09  1.145043e-05   1.858446e-07  1.044232e-08  3.132695e-10
    9      3      3 0.7033 0.0061  0.1674 0.1328 1.06  11.922907  0.156828   7246.555097   95.317821  6.148794e+39  8.966117e+37  1.021753e+38  3.751975e+36  1.260430  2.159068  3.589939  9.459398    0.124424  1.453395e-07  5.337005e-09  1.102418e-05   1.607536e-07  1.358231e-08  4.074694e-10
   10      1      1 0.6895 0.0034  0.1231 0.0032 1.04   6.876642  0.156867  12564.271740  286.611172  7.595343e+39  1.795262e+38  1.432672e+38  1.308731e+37  1.353889  9.047043  3.944181  5.079178    0.115864  1.080537e-08  9.870591e-10  7.755738e-07   1.833174e-08  6.097805e-10  1.829341e-11
   10      2      2 0.6895 0.0034  0.0967 0.0226 1.04   5.323172  0.193418  16230.923157  589.751338  7.586137e+39  1.908484e+38  1.592193e+38  2.083940e+37  1.353889  9.047043  3.944181  3.931765    0.142861  1.200849e-08  1.571730e-09  7.746338e-07   1.948786e-08  4.790071e-10  1.437021e-11
   10      3      3 0.6895 0.0034  0.0951 0.0771 1.04   5.631618  0.172357  15341.948878  469.542686  7.056118e+39  1.596985e+38  1.395297e+38  1.518275e+37  1.353889  9.047043  3.944181  4.159587    0.127305  1.052348e-08  1.145099e-09  7.205126e-07   1.630709e-08  4.710814e-10  1.413244e-11