group  epoch  batch      x      z accrate     qb mass       rate    u_rate            dt        u_dt       fluence     u_fluence          peak        u_peak  redshift        d_b  xi_ratio  rate_obs  u_rate_obs      peak_obs    u_peak_obs   fluence_obs  u_fluence_obs      fper_obs    u_fper_obs
    1      1      4 0.7269 0.0063  0.1346 0.1928 2.09   8.812942  0.114763   9803.763810  127.665161  6.674088e+39  1.174087e+38  2.204691e+38  5.930031e+36  1.220888  10.368414  2.866478  7.218468    0.094000  1.403900e-08  3.776117e-10  5.188674e-07   9.127770e-09  5.361388e-10  1.608416e-11
    1      2      5 0.7269 0.0063  0.0848 0.0607 2.09   4.769356  0.200504  18115.653406  761.583027  7.434609e+39  2.340461e+38  3.099888e+38  1.625925e+37  1.220888  10.368414  2.866478  3.906464    0.164228  1.973943e-08  1.035354e-09  5.779930e-07   1.819558e-08  3.377754e-10  1.013326e-11
    1      3      6 0.7269 0.0063  0.1397 0.0567 2.09   7.895922  0.066948  10942.357736   92.777928  7.670422e+39  8.934642e+37  2.586727e+38  4.049330e+36  1.220888  10.368414  2.866478  6.467359    0.054835  1.647173e-08  2.578527e-10  5.963259e-07   6.946109e-09  5.564531e-10  1.669359e-11
    2      1      4 0.6728 0.0034  0.1313 0.0468 1.94   7.032485  0.451220  12285.841402  788.287568  7.737261e+39  4.706259e+38  3.159543e+38  2.257108e+37  1.401537   1.373895  1.492365  5.017696    0.321947  9.981643e-07  7.130666e-08  3.425859e-05   2.083810e-06  7.891940e-08  2.367582e-09
    2      2      5 0.6728 0.0034  0.1500 0.1372 1.94   8.987435  0.261926   9613.421548  280.169540  7.012796e+39  2.099386e+38  2.687605e+38  1.130753e+37  1.401537   1.373895  1.492365  6.412558    0.186885  8.490694e-07  3.572280e-08  3.105085e-05   9.295538e-07  9.015926e-08  2.704778e-09
    2      3      6 0.6728 0.0034  0.1306 0.0908 1.94   7.366866  0.290688  11728.188836  462.781186  7.376570e+39  2.939773e+38  2.987730e+38  1.688284e+37  1.401537   1.373895  1.492365  5.256278    0.207407  9.438851e-07  5.333635e-08  3.266154e-05   1.301655e-06  7.849866e-08  2.354960e-09
    3      1      4 0.7100 0.0063  0.1369 0.1338 1.41   9.138934  0.130093   9454.056979  134.578751  6.467346e+39  1.017098e+38  1.587581e+38  1.111153e+37  1.474712   6.131514  3.129745  6.197096    0.088216  2.393218e-08  1.675021e-09  1.437738e-06   2.261082e-08  2.103583e-09  6.310750e-11
    3      2      5 0.7100 0.0063  0.1023 0.0497 1.41   6.274480  0.177203  13770.066488  388.892225  6.861478e+39  1.850750e+38  1.947769e+38  2.085864e+37  1.474712   6.131514  3.129745  4.254714    0.120161  2.936187e-08  3.144360e-09  1.525356e-06   4.114351e-08  1.571925e-09  4.715776e-11
    3      3      6 0.7100 0.0063  0.1389 0.0604 1.41   8.588750  0.131531  10059.670714  154.057401  6.955728e+39  1.213734e+38  1.765888e+38  1.035590e+37  1.474712   6.131514  3.129745  5.824017    0.089191  2.662009e-08  1.561112e-09  1.546309e-06   2.698219e-08  2.134315e-09  6.402945e-11
    4      1      4 0.7126 0.0039  0.0894 0.0433 1.47   4.848678  0.179320  17819.291534  659.016421  7.785714e+39  2.474732e+38  2.263173e+38  1.953851e+37  1.261001   9.365314  6.490697  3.845102    0.142204  1.710199e-08  1.476455e-09  7.418956e-07   2.358156e-08  2.134999e-10  6.404996e-12
    4      2      5 0.7126 0.0039  0.0921 0.1152 1.47   5.468995  0.158734  15798.149173  458.530186  7.154695e+39  1.807590e+38  1.976368e+38  2.033672e+37  1.261001   9.365314  6.490697  4.337026    0.125879  1.493471e-08  1.536773e-09  6.817662e-07   1.722441e-08  2.199478e-10  6.598435e-12
    4      3      6 0.7126 0.0039  0.1671 0.0564 1.47   9.564426  0.099001   9033.474214   93.505313  7.641093e+39  9.366093e+37  1.809059e+38  8.017602e+36  1.261001   9.365314  6.490697  7.584788    0.078510  1.367041e-08  6.058615e-10  7.281147e-07   8.924889e-09  3.990585e-10  1.197175e-11
    5      1      4 0.7267 0.0031  0.1428 0.1112 2.02   7.872271  0.105635  10975.232393  147.273008  7.990785e+39  1.191384e+38  2.387182e+38  5.024828e+36  1.461048  13.157021  8.637851  5.388099    0.072301  7.888510e-09  1.660468e-10  3.858010e-07   5.752090e-09  1.708477e-10  5.125432e-12
    5      2      5 0.7267 0.0031  0.0854 0.1832 2.02   4.735526  0.137996  18245.070852  531.670971  7.759350e+39  2.875859e+38  2.654477e+38  1.510785e+37  1.461048  13.157021  8.637851  3.241185    0.094450  8.771794e-09  4.992431e-10  3.746271e-07   1.388486e-08  1.021736e-10  3.065209e-12
    5      3      6 0.7267 0.0031  0.0926 0.1425 2.02   4.920427  0.149140  17559.450308  532.233074  8.131608e+39  2.144476e+38  2.705414e+38  1.294014e+37  1.461048  13.157021  8.637851  3.367738    0.102077  8.940116e-09  4.276106e-10  3.926000e-07   1.035369e-08  1.107878e-10  3.323635e-12
    6      1      4 0.7178 0.0065  0.0965 0.0491 1.42   5.897792  0.208174  14649.550086  517.085457  6.882808e+39  1.724315e+38  1.919254e+38  2.158030e+37  1.366700  10.385380  2.649998  4.315351    0.152319  1.088187e-08  1.223569e-09  5.333470e-07   1.336167e-08  5.490178e-10  1.647053e-11
    6      2      5 0.7178 0.0065  0.1043 0.0025 1.42   6.097902  0.157197  14168.808542  365.256203  7.217400e+39  2.075277e+38  2.014893e+38  1.812957e+37  1.366700  10.385380  2.649998  4.461770    0.115019  1.142412e-08  1.027918e-09  5.592745e-07   1.608127e-08  5.933944e-10  1.780183e-11
    6      3      6 0.7178 0.0065  0.0876 0.0453 1.42   5.376845  0.133039  16068.903339  397.592974  6.817742e+39  1.735971e+38  1.933878e+38  2.127726e+37  1.366700  10.385380  2.649998  3.934180    0.097343  1.096478e-08  1.206387e-09  5.283051e-07   1.345199e-08  4.983830e-10  1.495149e-11
    7      1      4 0.7300 0.0044  0.0981 0.1471 1.60   6.053407  0.187237  14272.954829  441.473914  7.006715e+39  1.501507e+38  1.922807e+38  1.445535e+37  1.364600  10.334690  9.424587  4.436031    0.137210  1.102616e-08  8.289291e-10  5.482878e-07   1.174956e-08  1.580529e-10  4.741586e-12
    7      2      5 0.7300 0.0044  0.1717 0.1865 1.60  11.495681  0.273846   7515.866351  179.040122  6.653387e+39  8.888420e+37  1.542444e+38  4.408278e+36  1.364600  10.334690  9.424587  8.424213    0.200679  8.845007e-09  2.527887e-10  5.206392e-07   6.955345e-09  2.766328e-10  8.298984e-12
    7      3      6 0.7300 0.0044  0.0816 0.1144 1.60   4.682230  0.185005  18452.746016  729.106201  7.410157e+39  2.396698e+38  2.245797e+38  2.314550e+37  1.364600  10.334690  9.424587  3.431211    0.135575  1.287832e-08  1.327258e-09  5.798578e-07   1.875458e-08  1.314691e-10  3.944072e-12
    8      1      4 0.6965 0.0052  0.1735 0.0664 1.65  10.334555  0.098850   8360.301658   79.965950  7.214043e+39  9.411120e+37  2.169674e+38  7.395682e+36  1.241676   3.043069  4.571876  8.323068    0.079610  1.577072e-07  5.375702e-09  6.510945e-06   8.493890e-08  5.320877e-09  1.596263e-10
    8      2      5 0.6965 0.0052  0.1471 0.0397 1.65   8.472013  0.154942  10198.284945  186.513019  7.380750e+39  1.847287e+38  2.291379e+38  1.622880e+37  1.241676   3.043069  4.571876  6.823045    0.124785  1.665535e-07  1.179623e-08  6.661405e-06   1.667246e-07  4.511245e-09  1.353374e-10
    8      3      6 0.6965 0.0052  0.1605 0.1406 1.65  10.378843  0.175155   8324.626999  140.487964  6.662461e+39  1.121588e+38  1.969085e+38  1.029465e+37  1.241676   3.043069  4.571876  8.358736    0.141063  1.431270e-07  7.482876e-09  6.013122e-06   1.012275e-07  4.922195e-09  1.476658e-10
    9      1      4 0.7041 0.0056  0.1492 0.1115 1.98   9.025966  0.107589   9572.382879  114.102745  7.088260e+39  1.227087e+38  2.466668e+38  6.857564e+36  1.451277  12.961215  6.355947  6.219326    0.074134  8.455863e-09  2.350808e-10  3.526446e-07   6.104821e-09  2.479845e-10  7.439534e-12
    9      2      5 0.7041 0.0056  0.1495 0.1663 1.98   9.613663  0.138808   8987.209040  129.762730  6.693916e+39  1.228058e+38  2.306964e+38  6.919596e+36  1.451277  12.961215  6.355947  6.624278    0.095645  7.908390e-09  2.372073e-10  3.330258e-07   6.109652e-09  2.484831e-10  7.454493e-12
    9      3      6 0.7041 0.0056  0.0873 0.1043 1.98   5.089944  0.201612  16974.645335  672.363320  7.092273e+39  2.381899e+38  3.032776e+38  1.629799e+37  1.451277  12.961215  6.355947  3.507217    0.138920  1.039651e-08  5.587034e-10  3.528442e-07   1.185007e-08  1.451008e-10  4.353025e-12
   10      1      4 0.7041 0.0069  0.1692 0.1894 1.45  12.102761  0.166671   7138.866719   98.311409  6.084724e+39  8.129600e+37  1.483804e+38  8.775949e+36  1.447357   6.971893  6.993659  8.361973    0.115155  1.762741e-08  1.042572e-09  1.046233e-06   1.397838e-08  8.804042e-10  2.641213e-11
   10      2      5 0.7041 0.0069  0.1257 0.1128 1.45   8.309130  0.149715  10398.200022  187.355868  6.426578e+39  1.199708e+38  1.726169e+38  1.365993e+37  1.447357   6.971893  6.993659  5.740899    0.103440  2.050667e-08  1.622783e-09  1.105013e-06   2.062828e-08  6.540592e-10  1.962177e-11
   10      3      6 0.7041 0.0069  0.1551 0.1896 1.45  11.040150  0.137310   7825.980532   97.334084  6.085600e+39  8.013972e+37  1.533909e+38  7.561506e+36  1.447357   6.971893  6.993659  7.627800    0.094869  1.822265e-08  8.982975e-10  1.046384e-06   1.377956e-08  8.070372e-10  2.421112e-11