# Spline of accretion onset, shifted and zeroed to 10 days before PCA data
3.168897479196281638e+05 2.056880175394640625e+14
3.267812719149412005e+05 6.019700923596215000e+14
3.366727959102542372e+05 1.442378722070360500e+15
3.465643199055672740e+05 2.664754720887085500e+15
3.564558439008803689e+05 4.211251995918973000e+15
3.663473678961934056e+05 6.028200122537125000e+15
3.762388918915064423e+05 8.065966919742761000e+15
3.861304158868194791e+05 1.027882102553542000e+16
3.960219398821325740e+05 1.262479447228108400e+16
4.059134638774456107e+05 1.506554526208037400e+16
4.158049878727586474e+05 1.756621994213674800e+16
4.256965118680716841e+05 2.009531618012466400e+16
4.355880358633847209e+05 2.262454533955772800e+16
4.454795598586977576e+05 2.512869505515692400e+16
4.553710838540107943e+05 2.758549180821874800e+16
4.652626078493239474e+05 2.997546350198340400e+16
4.751541318446369842e+05 3.228180203700292000e+16
4.850456558399500209e+05 3.449022588650945600e+16
4.949371798352630576e+05 3.658884267178337600e+16
5.048287038305760943e+05 3.856801173752140800e+16
5.147202278258891311e+05 4.042020672720492000e+16
5.246117518212022260e+05 4.213987815846794400e+16
5.345032758165152045e+05 4.372331599846556800e+16
5.443947998118282994e+05 4.516851223924190400e+16
5.542863238071412779e+05 4.647502347309836800e+16
5.641778478024543729e+05 4.764383346796183200e+16
5.740693717977673514e+05 4.867721574275284000e+16
5.839608957930804463e+05 4.957859614275369600e+16
5.938524197883934248e+05 5.035241541497668800e+16
6.037439437837065198e+05 5.100399178353236000e+16
6.136354677790196147e+05 5.153938352499748000e+16
6.235269917743327096e+05 5.196525154378340800e+16
6.334185157696456881e+05 5.228872194750415200e+16
6.433100397649587831e+05 5.251724862234461600e+16
6.532015637602717616e+05 5.265847580842874400e+16
6.630930877555848565e+05 5.272010067518768800e+16
6.729846117508979514e+05 5.270973589672800800e+16
6.828761357462110464e+05 5.263477222719983200e+16
