# old, currently unused 'spline' of accretion rise
-4.650000000000000000e+05 2.056880175394640625e+14
-4.525454535842828918e+05 6.019700923596215000e+14
-4.400909071685657836e+05 1.442378722070360500e+15
-4.276363607528486755e+05 2.664754720887085500e+15
-4.151818143371315091e+05 4.211251995918973000e+15
-4.027272679214144009e+05 6.028200122537125000e+15
-3.902727215056972927e+05 8.065966919742761000e+15
-3.778181750899801846e+05 1.027882102553542000e+16
-3.653636286742630182e+05 1.262479447228108400e+16
-3.529090822585459100e+05 1.506554526208037400e+16
-3.404545358428288018e+05 1.756621994213674800e+16
-3.279999894271116937e+05 2.009531618012466400e+16
-3.155454430113945855e+05 2.262454533955772800e+16
-3.030908965956774773e+05 2.512869505515692400e+16
-2.906363501799603691e+05 2.758549180821874800e+16
-2.781818037642432027e+05 2.997546350198340400e+16
-2.657272573485260946e+05 3.228180203700292000e+16
-2.532727109328089864e+05 3.449022588650945600e+16
-2.408181645170918491e+05 3.658884267178337600e+16
-2.283636181013747409e+05 3.856801173752140800e+16
-2.159090716856576037e+05 4.042020672720492000e+16
-2.034545252699404955e+05 4.213987815846794400e+16
-1.909999788542233873e+05 4.372331599846556800e+16
-1.785454324385062791e+05 4.516851223924190400e+16
-1.660908860227891710e+05 4.647502347309836800e+16
-1.536363396070720046e+05 4.764383346796183200e+16
-1.411817931913548964e+05 4.867721574275284000e+16
-1.287272467756377882e+05 4.957859614275369600e+16
-1.162727003599206801e+05 5.035241541497668800e+16
-1.038181539442035719e+05 5.100399178353236000e+16
-9.136360752848640550e+04 5.153938352499748000e+16
-7.890906111276929732e+04 5.196525154378340800e+16
-6.645451469705218915e+04 5.228872194750415200e+16
-5.399996828133508097e+04 5.251724862234461600e+16
-4.154542186561797280e+04 5.265847580842874400e+16
-2.909087544990080642e+04 5.272010067518768800e+16
-1.663632903418369824e+04 5.270973589672800800e+16
-4.181782618466590066e+03 5.263477222719983200e+16
8.272763797250518110e+03 5.250224124699841600e+16
2.072731021296762628e+04 5.231869395082936800e+16
3.318185662868479267e+04 5.209015804375264000e+16
4.563640304440190084e+04 5.182215346698769600e+16
5.809094946011900902e+04 5.151971350821859200e+16
7.054549587583611719e+04 5.118740591753742400e+16
8.300004229155322537e+04 5.082935402338750400e+16
9.545458870727033354e+04 5.044925784850664000e+16
1.079091351229874417e+05 5.005041522587048800e+16
1.203636815387045499e+05 4.963574291463567200e+16
1.328182279544216581e+05 4.920779771608320800e+16
1.452727743701388827e+05 4.876879758956167200e+16
1.577273207858559908e+05 4.832064276843056800e+16
1.701818672015730990e+05 4.786493687600345600e+16
1.826364136172902072e+05 4.740300804149139200e+16
1.950909600330073154e+05 4.693593001594608800e+16
2.075455064487244235e+05 4.646454328820324000e+16
2.200000528644415317e+05 4.598947620082568800e+16
2.324545992801586399e+05 4.551116606604690400e+16
2.449091456958757481e+05 4.502988028171404000e+16
2.573636921115928562e+05 4.454573744723133600e+16
2.698182385273100808e+05 4.405872847950333600e+16
2.822727849430271890e+05 4.356873772887820800e+16
2.947273313587442972e+05 4.307556409509094400e+16
3.071818777744614054e+05 4.257894214320668800e+16
3.196364241901785135e+05 4.207856321956400000e+16
3.320909706058956217e+05 4.157409656771810400e+16
3.445455170216127299e+05 4.106521044438416800e+16
3.570000634373298381e+05 4.055159323538064000e+16
3.694546098530469462e+05 4.003297457157236000e+16
3.819091562687640544e+05 3.950914644481404800e+16
3.943637026844811626e+05 3.897998432389339200e+16
4.068182491001983872e+05 3.844546827047441600e+16
4.192727955159154953e+05 3.790570405504072800e+16
4.317273419316326035e+05 3.736094427283878400e+16
4.441818883473497117e+05 3.681160945982117600e+16
4.566364347630668199e+05 3.625830920858987200e+16
4.690909811787839280e+05 3.570186328433955200e+16
4.815455275945010362e+05 3.514332274080081200e+16
4.940000740102181444e+05 3.458399103618348000e+16
5.064546204259352526e+05 3.402544514911984000e+16
5.189091668416523607e+05 3.346955669460795600e+16
5.313637132573695853e+05 3.291851303995494400e+16
5.438182596730866935e+05 3.237483842072018000e+16
5.562728060888038017e+05 3.184141505665867200e+16
5.687273525045209099e+05 3.132150426766420000e+16
5.811818989202380180e+05 3.081876758971273600e+16
5.936364453359551262e+05 3.033728789080560800e+16
6.060909917516722344e+05 2.988159048691281200e+16
6.185455381673893426e+05 2.945666425791626800e+16
6.310000845831064507e+05 2.906798276355312800e+16
6.434546309988235589e+05 2.872152535935900000e+16
6.559091774145406671e+05 2.842379831261126400e+16
6.683637238302577753e+05 2.818185591827231600e+16
6.808182702459748834e+05 2.800332161493282000e+16
6.932728166616919916e+05 2.789640910075505600e+16
7.057273630774090998e+05 2.786994344941612000e+16
7.181819094931262080e+05 2.793338222605119200e+16
7.306364559088433161e+05 2.809683660319690000e+16
7.430910023245606571e+05 2.837109247673447200e+16
7.555455487402777653e+05 2.876763158183306000e+16
7.680000951559947571e+05 2.929865260889306000e+16
